0 0.5253861427307129 0.8308895111083985 0.07316961288452148 0.18675562540690105
56 0.3443989515304565 0.6362244923909505 0.05617680549621582 0.06656646728515625
56 0.46760573387146 0.6363601684570312 0.05632286071777344 0.06583811442057291
56 0.6553539276123047 0.6370360056559244 0.05451526641845703 0.06617431640625
56 0.40679177045822146 0.635409927368164 0.05527842044830322 0.066534423828125
56 0.7169371604919433 0.6360271453857422 0.05347795486450195 0.06472829182942709
56 0.5928008079528808 0.6355189005533854 0.0534001350402832 0.06391016642252605
56 0.2818758487701416 0.6355026245117188 0.056215953826904294 0.0644744873046875
56 0.6548993587493896 0.6883603413899739 0.05363893508911133 0.031756083170572914
56 0.34571478366851804 0.6883547465006511 0.053886938095092776 0.029911295572916666
56 0.46957988739013673 0.6876623153686523 0.05435676574707031 0.03060595194498698
56 0.7799647331237793 0.6362874984741211 0.05599346160888672 0.0640429178873698
56 0.5332828998565674 0.6359896341959635 0.057433128356933594 0.06908467610677084
56 0.5942820549011231 0.6881917317708334 0.055669403076171874 0.030550130208333335