0 0.38617849349975586 0.8338789621988932 0.07494277954101562 0.18351338704427084
56 0.342464017868042 0.6346922556559245 0.0584679126739502 0.0652215321858724
56 0.46711082458496095 0.6369291941324869 0.0557342529296875 0.06639378865559896
56 0.5908926963806153 0.6345652898152669 0.05761985778808594 0.06213213602701823
56 0.40608601570129393 0.6355765660603842 0.058802223205566405 0.06617533365885417
56 0.4670368194580078 0.43464139302571614 0.05896701812744141 0.06463165283203125
56 0.3449243068695068 0.6877684911092122 0.056785297393798825 0.030559666951497397
56 0.5313328742980957 0.6355505625406901 0.05507926940917969 0.0684563954671224
56 0.28248412609100343 0.6364678700764974 0.05746593475341797 0.06958363850911459
56 0.46921601295471194 0.6879599253336589 0.05462865829467774 0.03083661397298177
56 0.6544925689697265 0.6354111989339193 0.05639171600341797 0.06291046142578124
56 0.4065695762634277 0.6878387451171875 0.05479888916015625 0.030815633138020833
56 0.7165481567382812 0.6354203542073568 0.05517377853393555 0.06459477742513021
56 0.5292335510253906 0.43476009368896484 0.05841197967529297 0.06660950978597005
56 0.28211421966552735 0.6875213623046875 0.05401201248168945 0.03338470458984375