0 0.5180697441101074 0.839163335164388 0.0753793716430664 0.1470569610595703
56 0.40741156339645385 0.6362696329752604 0.0571209192276001 0.06753311157226563
56 0.591127347946167 0.635487683614095 0.05694646835327148 0.06483103434244791
56 0.344547700881958 0.6882762273152669 0.05546989440917969 0.03043810526529948
56 0.4682145118713379 0.6874856313069662 0.05298614501953125 0.030816141764322916
56 0.34452433586120607 0.637625249226888 0.056231355667114256 0.05644098917643229
56 0.2810211181640625 0.634176508585612 0.05821294784545898 0.06601969401041667
56 0.7166106224060058 0.6368052164713541 0.05365409851074219 0.06715647379557292
56 0.6559085369110107 0.6406040191650391 0.05466756820678711 0.0691357930501302
56 0.4075793743133545 0.687646993001302 0.05546483993530273 0.031800333658854166
56 0.5313618659973145 0.6877756754557292 0.05266761779785156 0.03221893310546875