0 0.418267822265625 0.8279335021972656 0.06965866088867187 0.19535725911458332
56 0.46744375228881835 0.6367750803629557 0.056344223022460935 0.06521046956380208
56 0.3444452047348022 0.6367390950520834 0.05622134208679199 0.06688486735026042
56 0.28276739120483396 0.6369513829549154 0.05654306411743164 0.06738166809082032
56 0.40714149475097655 0.6363972981770833 0.05613651275634766 0.06741104125976563
56 0.5318836212158203 0.6351702372233073 0.0549809455871582 0.06693013509114583
56 0.5923986434936523 0.6364088694254557 0.05440034866333008 0.06415456136067708
56 0.2830568790435791 0.6879421234130859 0.053596878051757814 0.03209698994954427
56 0.3457614898681641 0.6882423400878906 0.053682708740234376 0.029296875
56 0.6554673194885254 0.6372488657633464 0.05461750030517578 0.06778310139973959
56 0.2176334798336029 0.6369656244913737 0.05954772233963013 0.06750844319661459
56 0.4069355964660645 0.6878032048543294 0.05156087875366211 0.03064905802408854
56 0.5307858467102051 0.6875955581665039 0.0546783447265625 0.030893452962239585
56 0.4698962211608887 0.687724749247233 0.054187774658203125 0.030246607462565103
56 0.7167531490325928 0.6356187184651693 0.05377645492553711 0.06448745727539062
56 0.5928058624267578 0.6881303151448568 0.05433855056762695 0.0316253662109375
56 0.46793603897094727 0.4356165568033854 0.05834255218505859 0.06425221761067708