0 0.46733922958374025 0.8372159322102865 0.08409461975097657 0.15136591593424478
56 0.46782984733581545 0.636650276184082 0.056350326538085936 0.06682764689127604
56 0.344278621673584 0.6359500885009766 0.0563755989074707 0.06654739379882812
56 0.5318502426147461 0.6354472478230794 0.05434207916259766 0.0677477518717448
56 0.40705586671829225 0.6357480367024739 0.05683953762054443 0.06682459513346355
0 0.47920703887939453 0.8413365681966146 0.05777397155761719 0.1464739481608073
56 0.5926208019256591 0.6369637807210287 0.053929901123046874 0.06436411539713542
56 0.28223862648010256 0.6365853627522786 0.057239627838134764 0.06775004069010417
56 0.6558445453643799 0.6375324249267578 0.053888988494873044 0.06806894938151041
56 0.4697209358215332 0.6876061121622722 0.05442352294921875 0.031359354654947914
56 0.345732593536377 0.6881322224934896 0.05396966934204102 0.029924774169921876
56 0.5310765266418457 0.6875462849934896 0.05403337478637695 0.03199081420898438
56 0.2830804347991943 0.6879133860270182 0.05377254486083984 0.032319259643554685
56 0.7167446136474609 0.6370879491170247 0.054110145568847655 0.06725654602050782
56 0.6545764923095703 0.6881516138712566 0.054778099060058594 0.03209737141927083
56 0.4078093647956848 0.68736572265625 0.0529041051864624 0.030968602498372397