0 0.4904004096984863 0.839151128133138 0.06434669494628906 0.1463799794514974
56 0.40743145942687986 0.6372559229532878 0.055083274841308594 0.06461041768391927
56 0.5913514137268067 0.6363056182861329 0.05679931640625 0.06389605204264323
56 0.3440483570098877 0.6369661331176758 0.05486149787902832 0.0578161875406901
56 0.46931867599487304 0.6869848887125651 0.05313320159912109 0.03396313985188802
56 0.3457042217254639 0.6867635091145833 0.055170631408691405 0.03288192749023437
56 0.40678938627243044 0.6876670201619466 0.05324709415435791 0.03207728068033854
56 0.5310322761535644 0.4355550448099772 0.05516653060913086 0.062252744038899736
56 0.5301663398742675 0.688510004679362 0.053983306884765624 0.0319915771484375
56 0.2817480802536011 0.6883138020833334 0.054936790466308595 0.03228302001953125
56 0.2826881170272827 0.6363742828369141 0.05665984153747559 0.06643333435058593
56 0.4699392318725586 0.4363604863484701 0.05436496734619141 0.060640970865885414
56 0.533345890045166 0.6380102157592773 0.04890003204345703 0.06467259724934896
56 0.5908815383911132 0.3670936584472656 0.0577850341796875 0.06142578125
56 0.7174472808837891 0.6384541193644205 0.054953575134277344 0.06769129435221354