0 0.41660786867141725 0.8298452377319336 0.072733473777771 0.19879722595214844
56 0.46827116012573244 0.6359848022460938 0.054702377319335936 0.06638615926106771
56 0.34241795539855957 0.636700693766276 0.059536075592041014 0.06973012288411458
56 0.5303903579711914 0.6351403554280599 0.05538959503173828 0.06778424580891927
56 0.40701661109924314 0.6375381469726562 0.056369590759277347 0.06939926147460937
56 0.5917662620544434 0.635774803161621 0.05558795928955078 0.06430091857910156
56 0.2809680223464966 0.6377008438110352 0.059412240982055664 0.06972935994466146
56 0.34553046226501466 0.6879764556884765 0.054984092712402344 0.029770660400390624
56 0.4071344375610352 0.6883433024088542 0.05401592254638672 0.03142191569010417
56 0.5317298889160156 0.6875390370686849 0.05699653625488281 0.03033930460611979
56 0.4697019100189209 0.6881116231282552 0.054753684997558595 0.03091913859049479
56 0.6548110008239746 0.6360692342122396 0.055611038208007814 0.06702779134114584
56 0.4682161331176758 0.43533509572347007 0.05943784713745117 0.06506004333496093
56 0.28255133628845214 0.6882842381795248 0.05255351066589355 0.03227183024088542
56 0.7164660453796386 0.6348390579223633 0.054755783081054686 0.06622149149576823
56 0.21734099388122557 0.6368216832478841 0.06036214828491211 0.06820462544759115