0 0.3631447315216064 0.8346331914265951 0.07208995819091797 0.18144861857096353
56 0.4670102119445801 0.6369695027669271 0.05603656768798828 0.06732076009114583
56 0.3425684928894043 0.6349442799886068 0.0581660270690918 0.06537246704101562
56 0.5908449649810791 0.6344509124755859 0.057697200775146486 0.06237996419270833
56 0.4063138008117676 0.6361786524454752 0.05873441696166992 0.06735801696777344
56 0.5314495086669921 0.6357496897379558 0.05515155792236328 0.06905899047851563
56 0.40645751953125 0.6878901163736979 0.05529508590698242 0.031198628743489585
56 0.46929159164428713 0.6879489898681641 0.0548126220703125 0.030996958414713543
56 0.3445916175842285 0.6878892262776692 0.05724458694458008 0.03124821980794271
56 0.5294410705566406 0.43404626846313477 0.05864791870117188 0.06547559102376302
56 0.6545249938964843 0.6352930068969727 0.05638580322265625 0.06284039815266927