0 0.5247028350830079 0.835879898071289 0.07327060699462891 0.18285204569498698
56 0.5907176971435547 0.635190200805664 0.058803558349609375 0.06481831868489583
56 0.34487462043762207 0.6348697026570638 0.05786294937133789 0.06471455891927083
56 0.5300387382507324 0.6374568939208984 0.055706214904785153 0.0713666280110677
56 0.4067193031311035 0.6385758717854818 0.056267738342285156 0.07044118245442708
56 0.46769466400146487 0.6359388987223308 0.05915565490722656 0.06518834431966146
56 0.7166709423065185 0.6362622578938802 0.05418663024902344 0.06790822347005208
56 0.654851245880127 0.6371865590413411 0.05639457702636719 0.06872940063476562
56 0.2810745000839233 0.6359625498453776 0.060075235366821286 0.0688611348470052
56 0.4068704128265381 0.6881944020589192 0.05381021499633789 0.03007787068684896
56 0.34596567153930663 0.6877744674682618 0.057578086853027344 0.03100128173828125
56 0.46762938499450685 0.6525665283203125 0.0604670524597168 0.0983062744140625
56 0.6547599315643311 0.6883660634358724 0.052727031707763675 0.03025538126627604
56 0.28255586624145507 0.6875643412272135 0.05374011993408203 0.03316167195638021
56 0.5302946090698242 0.6530661265055339 0.05647335052490234 0.10187199910481771