0 0.4979403495788574 0.8411142985026042 0.07763481140136719 0.14717521667480468
56 0.4682662010192871 0.6361863454182942 0.056073474884033206 0.06712061564127604
56 0.5907629489898681 0.6350375493367513 0.05819368362426758 0.06441942850748698
56 0.5306234359741211 0.635431416829427 0.055350875854492186 0.06755218505859376
56 0.3443624973297119 0.6348575592041016 0.05669116973876953 0.06543312072753907
56 0.7162800788879394 0.6359670003255208 0.05372543334960937 0.06662241617838542
56 0.40655678510665894 0.6359039306640625 0.05684530735015869 0.06488265991210937
56 0.2810112953186035 0.6357415517171224 0.05887165069580078 0.06890182495117188
56 0.6548989772796631 0.6364125569661458 0.05603933334350586 0.06712722778320312
56 0.4690099716186523 0.6879901885986328 0.054196929931640624 0.03133799235026042
56 0.34456596374511717 0.6880009333292644 0.05602874755859375 0.03107935587565104
56 0.4677731513977051 0.43523667653401693 0.058279228210449216 0.06470514933268229
56 0.5313022613525391 0.6877445220947266 0.05272731781005859 0.0320220947265625
56 0.5918130874633789 0.6878187179565429 0.054444503784179685 0.03190523783365885
56 0.5307197570800781 0.6516962687174479 0.056553077697753903 0.09886271158854167