0 0.41672368049621583 0.8275249481201172 0.07279739379882813 0.19626185099283855
56 0.34483487606048585 0.6353540420532227 0.056319904327392575 0.06556892395019531
56 0.46990108489990234 0.636913553873698 0.053351211547851565 0.06291351318359376
56 0.5319956302642822 0.6350243886311849 0.05452604293823242 0.06608810424804687
56 0.5924160003662109 0.6363370259602864 0.054350090026855466 0.0636461893717448
56 0.28292064666748046 0.6369129180908203 0.05632143020629883 0.06709810892740885
56 0.40703773498535156 0.6355564753214519 0.05703935623168945 0.06577809651692708
56 0.6554344654083252 0.6370625813802083 0.054483890533447266 0.06724688212076822
56 0.2830321788787842 0.6879231770833333 0.05351123809814453 0.03210856119791667
56 0.34579570293426515 0.688278071085612 0.053797578811645506 0.02920506795247396
56 0.46988811492919924 0.6876976013183593 0.05412788391113281 0.030657196044921876
56 0.21767816543579102 0.6369412740071615 0.059540319442749026 0.06747411092122396
56 0.40683488845825194 0.6877314249674479 0.05200948715209961 0.030959320068359376
56 0.7167845726013183 0.6355381011962891 0.05371913909912109 0.06429239908854166
56 0.530763053894043 0.6875727971394857 0.05450983047485351 0.03091773986816406
56 0.592807388305664 0.6881338119506836 0.054230117797851564 0.0316864013671875
56 0.6549358367919922 0.6882953008015951 0.05416374206542969 0.03185195922851562