0 0.4879135608673096 0.8307650248209636 0.07534761428833008 0.18698959350585936
56 0.4676461696624756 0.6359169006347656 0.05594758987426758 0.06489766438802083
56 0.34436674118041993 0.6359779357910156 0.0562687873840332 0.06627756754557292
56 0.5924869537353515 0.6361195882161458 0.05430183410644531 0.06421534220377605
56 0.5316932678222657 0.635029157002767 0.053472900390625 0.06629524230957032
56 0.4069680690765381 0.6355247497558594 0.05692224502563477 0.06606826782226563
56 0.6554539680480957 0.6368935902913412 0.0543705940246582 0.06664835611979167
56 0.28208198547363283 0.6364379247029622 0.05736093521118164 0.06730257670084636
56 0.7168132781982421 0.6356748580932617 0.053838920593261716 0.06468861897786458
56 0.3458115577697754 0.688210932413737 0.054327201843261716 0.029897181193033855
56 0.4693023681640625 0.687330691019694 0.05562572479248047 0.0313177744547526
56 0.6546653747558594 0.6881712595621745 0.05477161407470703 0.03212661743164062
56 0.28305325508117674 0.6878853480021159 0.05389504432678223 0.032310867309570314
56 0.4077357292175293 0.687170664469401 0.053806495666503903 0.031107966105143228
56 0.5305654525756835 0.6876198450724283 0.05458755493164062 0.031814320882161455
56 0.5926486492156983 0.6880399703979492 0.05401525497436523 0.03175621032714844
56 0.46851043701171874 0.4359715461730957 0.057505226135253905 0.06479536692301432