0 0.5255889892578125 0.8305507659912109 0.07355670928955078 0.18729947408040365
56 0.5921564102172852 0.635432243347168 0.05516738891601562 0.06364288330078124
56 0.4676168918609619 0.6367115020751953 0.05699453353881836 0.06540807088216145
56 0.3444452524185181 0.6365216573079427 0.056237077713012694 0.06656316121419271
56 0.6553789615631104 0.6373530069986979 0.05444517135620117 0.0669720967610677
56 0.40710902214050293 0.636410140991211 0.05654096603393555 0.0676055908203125
56 0.7168608665466308 0.6360453287760417 0.053851318359375 0.06488825480143229
56 0.28254079818725586 0.6359731038411458 0.05640573501586914 0.06577555338541667
56 0.5314208984375 0.6358929951985677 0.05456209182739258 0.06763203938802083
56 0.6549344062805176 0.6882713317871094 0.054128074645996095 0.03190816243489583
56 0.34573538303375245 0.6883499145507812 0.053940439224243165 0.02989044189453125
56 0.4071866154670715 0.6876786549886068 0.05302751064300537 0.031108347574869792
56 0.469359302520752 0.6876972198486329 0.05404605865478516 0.030593363444010417
56 0.28306379318237307 0.6879842122395833 0.054008865356445314 0.03239644368489583