0 0.5062573432922364 0.8296663920084636 0.0676584243774414 0.18885854085286458
56 0.46781134605407715 0.6367503484090169 0.056096363067626956 0.06845588684082031
56 0.34407682418823243 0.6346574783325195 0.056791067123413086 0.06540718078613281
56 0.5909378528594971 0.6349932352701823 0.057643795013427736 0.06414744059244791
56 0.5307392120361328 0.6357844670613607 0.055129623413085936 0.06702194213867188
56 0.4071010112762451 0.6366360982259115 0.05778913497924805 0.06805623372395833
56 0.2811859607696533 0.6352428436279297 0.05868673324584961 0.06828079223632813
56 0.7164257049560547 0.636178461710612 0.05366935729980469 0.06629562377929688
56 0.6545979976654053 0.6378172556559245 0.056643199920654294 0.06872812906901042
56 0.34454524517059326 0.688260014851888 0.05606989860534668 0.03027318318684896
56 0.46895432472229004 0.6876614888509115 0.05391645431518555 0.031759389241536456
56 0.4068964958190918 0.687484614054362 0.054009437561035156 0.03042322794596354
56 0.5312670707702637 0.6876064300537109 0.05309791564941406 0.03201853434244792