0 0.5601391792297363 0.8295647939046223 0.07108230590820312 0.20002670288085939
56 0.46848158836364745 0.6371106465657552 0.05621461868286133 0.0652600606282552
32 0.549691915512085 0.4116636276245117 0.09757051467895508 0.10655377705891927
56 0.3438723564147949 0.6338712056477864 0.05512704849243164 0.06335169474283854
56 0.406007719039917 0.6366331100463867 0.05534811019897461 0.0647595723470052
56 0.6553051948547364 0.6370121637980143 0.05526676177978516 0.06507860819498698
56 0.40622767210006716 0.6876866658528645 0.05494577884674072 0.03211148579915365
56 0.5311990737915039 0.6342476526896159 0.053516197204589847 0.06205291748046875
56 0.7160232067108154 0.6359092712402343 0.05697898864746094 0.06479263305664062
56 0.46970453262329104 0.6874005635579427 0.055395889282226565 0.0325103759765625
56 0.34577991962432864 0.6870439529418946 0.055027437210083005 0.03290417989095052
56 0.5913777828216553 0.637127939860026 0.05596485137939453 0.05552342732747396
56 0.5309803009033203 0.687572161356608 0.05367469787597656 0.02991828918457031