0 0.5877738952636719 0.8389039357503255 0.0772054672241211 0.15042012532552082
56 0.46736898422241213 0.6378201802571615 0.05653705596923828 0.06972681681315104
56 0.7165769577026367 0.635746955871582 0.05518398284912109 0.06664237976074219
56 0.6544337749481202 0.6357735951741537 0.05670976638793945 0.06528371175130208
56 0.5945464611053467 0.6341589609781901 0.05041637420654297 0.06300938924153646
56 0.406420624256134 0.6365631103515625 0.05891797542572021 0.06792627970377604
56 0.5936599254608155 0.6874715169270833 0.05278224945068359 0.03367284138997396
56 0.3424676895141602 0.6349777857462565 0.05778999328613281 0.06548728942871093
56 0.6551826477050782 0.6883089701334636 0.052793693542480466 0.03133595784505208
56 0.531221342086792 0.6874908447265625 0.054277896881103516 0.030921045939127603
56 0.469238805770874 0.6879016240437825 0.05506877899169922 0.030922063191731772