0 0.5311691284179687 0.8374306996663411 0.06395549774169922 0.15098292032877605
56 0.590723991394043 0.6353065490722656 0.058892822265625 0.06561431884765626
56 0.46791529655456543 0.6405705134073894 0.060901546478271486 0.07480583190917969
56 0.716675090789795 0.6364821116129558 0.05425891876220703 0.06827799479166667
56 0.3446624279022217 0.6364140828450521 0.05753641128540039 0.06778844197591145
56 0.6548028469085694 0.637421989440918 0.056731224060058594 0.06915575663248698
56 0.530077600479126 0.6520140329996745 0.057954025268554685 0.10146357218424479
56 0.5301838874816894 0.6370059967041015 0.05586509704589844 0.07105865478515624
56 0.40679863691329954 0.6389464060465495 0.056135010719299314 0.07178802490234375
56 0.4065943717956543 0.6524094263712565 0.05820779800415039 0.09910443623860678
56 0.281084942817688 0.6361209869384765 0.060086393356323244 0.06934382120768229
56 0.3458375930786133 0.6877820332845052 0.05752596855163574 0.03085047403971354