0 0.4996647834777832 0.8384296417236328 0.08558235168457032 0.13915964762369792
56 0.46778554916381837 0.6360737482706705 0.056122875213623045 0.06561063130696615
56 0.34385013580322266 0.636059315999349 0.05701465606689453 0.06683603922526042
56 0.5313989639282226 0.6351159413655599 0.055040740966796876 0.0668932596842448
56 0.40711264610290526 0.6353862126668294 0.055198955535888675 0.06532122294108073
56 0.5925253868103028 0.636706288655599 0.05364513397216797 0.0632720947265625
56 0.6557820320129395 0.6370874404907226 0.053217601776123044 0.06667734781901041
56 0.7169036388397216 0.6355368296305338 0.05334062576293945 0.06544392903645833
56 0.2818159818649292 0.636134147644043 0.05661511421203613 0.06632308959960938
56 0.46963138580322267 0.687175432840983 0.05495471954345703 0.03082097371419271
56 0.5311286449432373 0.6874740600585938 0.05447587966918945 0.0314056396484375
56 0.6547645568847656 0.6884283701578776 0.05456275939941406 0.03067169189453125
56 0.34566326141357423 0.6886941274007161 0.053993511199951175 0.031125640869140624