0 0.5067761898040771 0.826916249593099 0.06718950271606446 0.20069198608398436
56 0.34421727657318113 0.634610366821289 0.056568050384521486 0.06508636474609375
56 0.46860456466674805 0.6352068583170573 0.05740432739257813 0.06623636881510417
56 0.40706356763839724 0.6367570877075195 0.0576305627822876 0.06801630655924479
56 0.5910820484161377 0.6350997924804688 0.057281494140625 0.06386820475260417
56 0.5305265426635742 0.6358627955118815 0.05561408996582031 0.06825192769368489
56 0.28128652572631835 0.6352523803710938 0.05849533081054688 0.06815872192382813
56 0.716515064239502 0.6363531112670898 0.05337724685668945 0.06606636047363282
56 0.6546395301818848 0.6379069010416667 0.05645179748535156 0.06855443318684896
56 0.3446019172668457 0.6882396697998047 0.05599136352539062 0.030126444498697915
56 0.4683549880981445 0.687550671895345 0.05418806076049805 0.03102709452311198
56 0.40694351196289064 0.6875083923339844 0.05388851165771484 0.03016484578450521
56 0.7168204307556152 0.6886356353759766 0.05114288330078125 0.030541483561197916
66 0.4989380717277527 0.43107102711995443 0.7695524454116821 0.3168534596761068
56 0.5923312187194825 0.68760986328125 0.05483322143554688 0.0318230946858724
56 0.6552762031555176 0.6884323755900065 0.05274124145507812 0.03199958801269531
56 0.2826047420501709 0.6875446319580079 0.05385866165161133 0.03342857360839844