0 0.4716961860656738 0.8385359446207682 0.07571287155151367 0.1470372517903646
56 0.5304523468017578 0.6354036966959635 0.05523347854614258 0.06783243815104166
56 0.5907497406005859 0.6346927642822265 0.05841693878173828 0.06436487833658854
56 0.2815638542175293 0.6357884089152018 0.05893421173095703 0.0686883290608724
56 0.469130802154541 0.6864519119262695 0.05332107543945312 0.03448053995768229
56 0.7165686607360839 0.6358744303385416 0.05412216186523437 0.0672033945719401
56 0.6549814224243165 0.6361799240112305 0.055905628204345706 0.06737238566080729
56 0.3435534954071045 0.6344509124755859 0.057877731323242185 0.06658528645833334
56 0.5918473720550537 0.6877395629882812 0.054439640045166014 0.0320831298828125
56 0.28266425132751466 0.6876935958862305 0.05399742126464844 0.03366724650065104
56 0.5311089515686035 0.6879292805989583 0.05314292907714844 0.031569290161132815
56 0.34364454746246337 0.6882116953531902 0.0554297924041748 0.0315484364827474