0 0.4164774060249329 0.834609858194987 0.07330377101898193 0.18775177001953125
56 0.3420816421508789 0.6360678354899089 0.05913839340209961 0.0695343017578125
56 0.46825284957885743 0.6357834498087566 0.054092025756835936 0.0662512461344401
56 0.4077140808105469 0.6366163889567057 0.05571327209472656 0.06793950398763021
56 0.5307667255401611 0.6348697662353515 0.05476722717285156 0.06806411743164062
56 0.5919471263885498 0.6357621510823568 0.05507183074951172 0.06381022135416667
56 0.28116397857666015 0.6371752421061198 0.05792684555053711 0.06842130025227865
56 0.5301775932312012 0.43475011189778645 0.05656776428222656 0.06631482442220052
56 0.34515106678009033 0.6879758834838867 0.054336023330688474 0.02958997090657552
56 0.40726184844970703 0.6880630493164063 0.052890872955322264 0.030183919270833335
56 0.4699690341949463 0.6879749298095703 0.05378103256225586 0.03013763427734375
56 0.6546622276306152 0.6360308329264323 0.055692291259765624 0.06791343688964843
56 0.21735906600952148 0.6365169525146485 0.06002507209777832 0.06714808146158854
56 0.5313308238983154 0.6879259745279948 0.05591907501220703 0.030281575520833333
56 0.4674626350402832 0.4357759475708008 0.05775241851806641 0.06354344685872396
56 0.2826539516448975 0.6883038838704427 0.053010082244873045 0.03188463846842448
56 0.7161837100982666 0.6349603017171224 0.055454063415527347 0.06644732157389323