0 0.5523054122924804 0.8306785583496094 0.07263717651367188 0.19019877115885417
56 0.46800899505615234 0.6369281768798828 0.057065582275390624 0.06890881856282552
56 0.5909842014312744 0.6349469502766927 0.05771980285644531 0.06355743408203125
56 0.5305855751037598 0.6356207529703776 0.05551357269287109 0.06791763305664063
56 0.7163253784179687 0.6361268997192383 0.05403423309326172 0.0669989267985026
56 0.3446161985397339 0.6342170715332032 0.057633161544799805 0.06387354532877604
56 0.4066916584968567 0.6355019887288411 0.05860269069671631 0.0653906504313151
56 0.654431962966919 0.6365126291910808 0.05699577331542969 0.06767298380533854
56 0.2813531160354614 0.6364359537760417 0.0599057674407959 0.070257568359375
56 0.4677430152893066 0.4354900360107422 0.058753013610839844 0.06481895446777344
56 0.3422860622406006 0.43531716664632164 0.06079244613647461 0.06059900919596354
56 0.5310582160949707 0.6871504465738932 0.053960227966308595 0.030932871500651042
56 0.654810619354248 0.6879992167154948 0.05299863815307617 0.030428949991861978
56 0.5915718078613281 0.6877500534057617 0.05518131256103516 0.031917572021484375
56 0.4690102577209473 0.6878206888834636 0.0542149543762207 0.03124554951985677
56 0.5309136867523193 0.43565619786580406 0.05638399124145508 0.06724751790364583
56 0.3446811199188232 0.6880784352620443 0.05669841766357422 0.03082898457845052
56 0.717497444152832 0.6880638122558593 0.052004432678222655 0.029578653971354167
56 0.5305282592773437 0.6504875183105469 0.05616273880004883 0.09685109456380209