0 0.5254083633422851 0.8305752436319987 0.07308387756347656 0.18712552388509116
56 0.34443416595458987 0.6364075978597005 0.05610437393188476 0.06666259765625
56 0.4067129135131836 0.6354178110758464 0.05499353408813477 0.06646703084309896
56 0.5927467346191406 0.6362087249755859 0.053376960754394534 0.06398289998372396
56 0.2825779914855957 0.6357488632202148 0.05626182556152344 0.06522674560546875
56 0.4675760746002197 0.6364534378051758 0.056150627136230466 0.065875244140625
56 0.7167405128479004 0.6369291941324869 0.05438652038574219 0.06677296956380209
56 0.6553030967712402 0.6368277867635092 0.05469808578491211 0.06740557352701823
56 0.345658540725708 0.6883460998535156 0.05375823974609375 0.02999140421549479
56 0.5306334495544434 0.6872604370117188 0.05493783950805664 0.03226127624511719
56 0.6548225402832031 0.6882765452067058 0.053802871704101564 0.032035573323567705
56 0.46935324668884276 0.6877108256022135 0.053957462310791016 0.03087272644042969