0 0.5808710098266602 0.8334627787272135 0.07071237564086914 0.18144327799479168
56 0.5907744407653809 0.6355032602945964 0.05773591995239258 0.06435457865397136
56 0.46736979484558105 0.6373179117838542 0.05553598403930664 0.0677520751953125
56 0.5314188003540039 0.6361683527628581 0.05536441802978516 0.0689300537109375
56 0.7156891345977783 0.6359568913777669 0.0567967414855957 0.06565920511881511
56 0.40634951591491697 0.6367222468058268 0.0586665153503418 0.06725845336914063
56 0.6556435585021972 0.6881195068359375 0.05277271270751953 0.03156890869140625
56 0.3426802635192871 0.6352364857991536 0.05747909545898437 0.06564559936523437
56 0.5930036544799805 0.6879508972167969 0.053720855712890626 0.03273900349934896
56 0.7807833194732666 0.6361766815185547 0.05484590530395508 0.06500803629557292
56 0.46938176155090333 0.6879047393798828 0.05533390045166016 0.030719757080078125
56 0.5313622951507568 0.6874476114908854 0.05635919570922852 0.030593109130859376
56 0.4067545890808105 0.6881692250569661 0.05587224960327149 0.031395975748697916
56 0.7176975250244141 0.6878599166870117 0.05087604522705078 0.03022918701171875