0 0.5008438110351563 0.8398658752441406 0.06100444793701172 0.14991861979166668
56 0.4677111625671387 0.6366461435953776 0.05661754608154297 0.06717249552408854
56 0.5314885139465332 0.6358582178751627 0.055208015441894534 0.06810887654622395
56 0.5926455020904541 0.6370424270629883 0.05383310317993164 0.06446011861165364
56 0.4059103012084961 0.6358923594156901 0.059264087677001955 0.06667378743489584
56 0.28251285552978517 0.636447525024414 0.05705060958862305 0.06846949259440104
56 0.6556783676147461 0.6374303181966146 0.05403633117675781 0.06797459920247396
56 0.7168530464172364 0.6357823053995768 0.05349531173706055 0.06556434631347656
56 0.46968278884887693 0.687327766418457 0.055208587646484376 0.031270472208658855
56 0.6545443534851074 0.6880989074707031 0.0547149658203125 0.032065963745117186
56 0.5310457229614258 0.6874947865804036 0.053963088989257814 0.03218243916829427
56 0.2827616691589355 0.6881057739257812 0.0525970458984375 0.03208872477213542
56 0.4082380414009094 0.6869520823160807 0.053039145469665525 0.03199818929036458