0 0.525086498260498 0.8396528244018555 0.07882099151611328 0.1347174326578776
56 0.3426041603088379 0.6349424997965495 0.0574946403503418 0.0652496337890625
56 0.46734037399291994 0.6369589487711589 0.05607814788818359 0.06813379923502604
56 0.5907374382019043 0.6349642435709636 0.057625770568847656 0.06264190673828125
56 0.406372594833374 0.6364240010579427 0.058271598815917966 0.06704483032226563
56 0.4693551540374756 0.6879566192626954 0.05506420135498047 0.03080902099609375
56 0.716509199142456 0.6360953013102214 0.05544490814208984 0.06718851725260416
56 0.5309591293334961 0.6362327575683594 0.05593709945678711 0.07090263366699219
56 0.40657728910446167 0.68809388478597 0.05566885471343994 0.0316321055094401
56 0.6544157505035401 0.6349016825358073 0.05657339096069336 0.06392542521158855
56 0.5314984321594238 0.6880645751953125 0.05605316162109375 0.030969746907552085