0 0.6149215221405029 0.8303384145100912 0.07259750366210938 0.197695795694987
56 0.5906026840209961 0.6349609375 0.059059429168701175 0.06339302062988281
56 0.46721925735473635 0.6371555964152018 0.055861282348632815 0.06796099344889323
56 0.7165801048278808 0.635629145304362 0.05518617630004883 0.0660980224609375
56 0.5312689781188965 0.6362675984700521 0.05534286499023437 0.06958948771158854
56 0.6545261383056641 0.6352593739827473 0.056178855895996097 0.06340535481770833
56 0.406358802318573 0.6366465250651042 0.058739113807678225 0.06736984252929687
56 0.6551220893859864 0.6882694244384766 0.05326709747314453 0.03212661743164062
56 0.3424797773361206 0.6350172678629558 0.057773160934448245 0.0654431660970052
56 0.5312764167785644 0.6876392364501953 0.05601987838745117 0.030876541137695314
56 0.7807339668273926 0.6362864176432291 0.05493087768554687 0.06498552958170573
56 0.4693995475769043 0.6879024505615234 0.05530967712402344 0.030742899576822916
56 0.7177472114562988 0.6877568562825521 0.05102100372314453 0.03041839599609375
56 0.5925963401794434 0.6869867324829102 0.05308742523193359 0.03197123209635417
56 0.5312633037567138 0.43447786966959634 0.054116439819335935 0.06520284016927083