0 0.45198674201965333 0.8383875528971354 0.1003499984741211 0.1517896016438802
56 0.4689581871032715 0.6356941223144531 0.05531177520751953 0.06354141235351562
56 0.5913585662841797 0.6351816813151042 0.05626869201660156 0.06171417236328125
56 0.6552312850952149 0.6363109588623047 0.05585145950317383 0.06488761901855469
56 0.3454825639724731 0.6869645436604818 0.053913307189941403 0.03241119384765625
56 0.469526481628418 0.6875225067138672 0.05404472351074219 0.03370310465494792
56 0.4061613082885742 0.6363918304443359 0.05769414901733398 0.06696116129557292
56 0.5306850910186768 0.435583241780599 0.055778884887695314 0.06223983764648437
56 0.34426541328430177 0.6333558400472005 0.055971717834472655 0.06284383138020834
56 0.2816181659698486 0.6884100596110027 0.05365571975708008 0.03181381225585937
56 0.5300660610198975 0.6882775624593099 0.05366086959838867 0.03215802510579427
56 0.40676422119140626 0.6877382278442383 0.05205821990966797 0.031821060180664065
56 0.4696653842926025 0.43647327423095705 0.05608530044555664 0.06133817036946614
56 0.5303847789764404 0.6352651596069336 0.0551814079284668 0.06327412923177084