0 0.5951797962188721 0.8424276987711589 0.06886119842529297 0.17177352905273438
56 0.46824169158935547 0.6365714391072591 0.056301307678222653 0.068048095703125
56 0.7164875507354737 0.6366734186808268 0.05375986099243164 0.06694246927897135
56 0.5307466506958007 0.635586675008138 0.05565519332885742 0.06847178141276042
56 0.5907312393188476 0.6344603856404623 0.05833759307861328 0.06296399434407553
56 0.40703482627868653 0.6373118718465169 0.057955169677734376 0.06893132527669271
56 0.6546260833740234 0.6365558624267578 0.056427955627441406 0.06659164428710937
56 0.34432885646820066 0.6345750172932942 0.05601096153259277 0.06487706502278646
56 0.7798065185546875 0.637208620707194 0.056818580627441405 0.06671803792317708
56 0.7176556587219238 0.688046391805013 0.05186958312988281 0.029678853352864583
56 0.7796413421630859 0.6542505900065104 0.059734153747558597 0.10060831705729166
56 0.5312220573425293 0.6499073028564453 0.055848121643066406 0.09572347005208333
56 0.6546670913696289 0.6882466634114583 0.052894973754882814 0.030187352498372396
56 0.5311291694641114 0.6877549489339193 0.054105186462402345 0.031261571248372394