0 0.48963465690612795 0.8407596588134766 0.06344575881958008 0.14347330729166666
56 0.4674269676208496 0.6369959513346354 0.05500011444091797 0.06754061381022135
56 0.59095778465271 0.6345491409301758 0.05740804672241211 0.06264737447102865
56 0.34261741638183596 0.6350609461466471 0.057506561279296875 0.06665089925130209
56 0.46932158470153806 0.6878889719645183 0.05369634628295898 0.031183751424153645
56 0.4067242622375488 0.6356537501017253 0.05805673599243164 0.0660956064860026
56 0.716363525390625 0.6362456639607748 0.05556926727294922 0.06719093322753907
56 0.4068452715873718 0.688003412882487 0.05493471622467041 0.03133316040039062
56 0.6546058654785156 0.6355144500732421 0.05607004165649414 0.06313629150390625
56 0.5316808223724365 0.6356143315633138 0.05452108383178711 0.0690594991048177
56 0.34517478942871094 0.6879974365234375 0.05616273880004883 0.030722300211588543
56 0.5304099082946777 0.43425432840983075 0.05586509704589844 0.06584612528483073