0 0.44286394119262695 0.8364401499430338 0.07275562286376953 0.14951858520507813
56 0.3434779644012451 0.6351119995117187 0.05618295669555664 0.06567408243815104
56 0.46778016090393065 0.6356662750244141 0.056261730194091794 0.06654001871744791
56 0.4069254994392395 0.6355855305989583 0.05516946315765381 0.06666081746419271
56 0.5926090240478515 0.6367263158162435 0.05344181060791016 0.06456438700358073
56 0.2820098400115967 0.6361488342285156 0.056099224090576175 0.06629740397135417
56 0.5316918373107911 0.6354267120361328 0.0548518180847168 0.06825154622395833
56 0.3457705020904541 0.6880382537841797 0.05315217971801758 0.030716705322265624
56 0.6559176445007324 0.6370136260986328 0.05333900451660156 0.06717987060546875
56 0.4075831413269043 0.6872286478678385 0.05225706100463867 0.03087158203125
56 0.7168971061706543 0.6353005091349284 0.05333766937255859 0.0651281992594401
56 0.4694249629974365 0.6872024536132812 0.05447568893432617 0.031429290771484375
56 0.5311594009399414 0.6876004536946615 0.05471887588500977 0.031656138102213544