0 0.5637226104736328 0.8313255945841471 0.07309074401855468 0.18930727640787762
56 0.4673895835876465 0.6373055775960287 0.056169319152832034 0.06838162740071614
56 0.5906756401062012 0.635516357421875 0.058105850219726564 0.06326573689778646
56 0.5308620452880859 0.6368968963623047 0.05622787475585937 0.0715521494547526
56 0.7165870189666748 0.6358262379964192 0.05509538650512695 0.06596272786458333
56 0.6543524265289307 0.6357524871826172 0.056679821014404295 0.06413040161132813
56 0.3426259994506836 0.635321044921875 0.05771503448486328 0.06588592529296874
56 0.40633230209350585 0.6369280497233073 0.05884542465209961 0.06786155700683594
56 0.6552398681640625 0.6881273905436198 0.05331001281738281 0.03173955281575521
56 0.5311702728271485 0.6876858393351237 0.056520843505859376 0.030499649047851563
56 0.469427490234375 0.6878935496012369 0.05543670654296875 0.03080774943033854
56 0.40671477317810056 0.6881006876627604 0.05617027282714844 0.031560516357421874
56 0.5311596870422364 0.43495979309082033 0.05535907745361328 0.06782582600911459
56 0.46837315559387205 0.4357561429341634 0.05739870071411133 0.06357046763102213