0 0.5949567794799805 0.8376988728841146 0.07005729675292968 0.17338422139485676
56 0.5910106658935547 0.6350873311360677 0.05787382125854492 0.06419397989908854
56 0.46823625564575194 0.6366629282633464 0.056352424621582034 0.06838251749674479
56 0.716427993774414 0.6366039276123047 0.053957366943359376 0.0672943115234375
56 0.5307385921478271 0.6357527414957682 0.05565910339355469 0.0685869852701823
56 0.4069377899169922 0.6373423894246419 0.058104324340820315 0.06919771830240885
56 0.6545685768127442 0.6369647979736328 0.05673294067382813 0.06793060302734374
56 0.34431455135345457 0.6346338907877604 0.05617256164550781 0.06496404012044271
56 0.34250030517578123 0.4362012545267741 0.06006669998168945 0.06035264333089193
56 0.4677032470703125 0.43548819224039714 0.05829277038574219 0.06464157104492188
56 0.6549261093139649 0.6880521138509115 0.052619552612304686 0.030358378092447916
56 0.4068880081176758 0.43771511713663735 0.05690069198608398 0.06404444376627604
56 0.531059455871582 0.687567138671875 0.05398712158203125 0.0313385009765625
56 0.779764986038208 0.6372186024983724 0.05683469772338867 0.06694005330403646
56 0.5309838771820068 0.4356548309326172 0.05661554336547851 0.06765276590983073
56 0.7176359176635743 0.6880362192789714 0.05189495086669922 0.029654312133789062
56 0.5312735080718994 0.6509044647216797 0.056125831604003903 0.09737319946289062
56 0.5921725273132324 0.6876475652058919 0.055198383331298825 0.03187370300292969
56 0.2809554100036621 0.6351863861083984 0.058832645416259766 0.06761080423990885