0 0.4167430877685547 0.8303980509440104 0.0734334945678711 0.18996251424153646
56 0.34229378700256347 0.6360668182373047 0.05887980461120605 0.0682464599609375
56 0.46808857917785646 0.6357410430908204 0.05484771728515625 0.06645558675130209
56 0.40755577087402345 0.6364026387532552 0.05487270355224609 0.06596183776855469
56 0.530751371383667 0.6351052602132161 0.05390605926513672 0.06733220418294271
56 0.5919376373291015 0.6356157938639323 0.05507736206054688 0.0636914571126302
56 0.2810628414154053 0.6370077768961588 0.059189128875732425 0.0681170145670573
56 0.34554624557495117 0.6879599889119467 0.05449318885803223 0.029802703857421876
56 0.40694537162780764 0.6881004333496094 0.05232992172241211 0.03071416219075521
56 0.4696819305419922 0.6880903879801432 0.0539057731628418 0.03015721638997396
56 0.6547522068023681 0.6358479817708333 0.055524444580078124 0.0661712646484375
56 0.5313765525817871 0.687924575805664 0.05559358596801758 0.030370330810546874
56 0.7165505409240722 0.6347599665323893 0.05467529296875 0.06599515279134115
56 0.28259987831115724 0.6883712768554687 0.05240154266357422 0.03193791707356771
56 0.5301069259643555 0.4342803955078125 0.056367683410644534 0.06548678080240886
56 0.21738932132720948 0.6364491780598959 0.06009764671325683 0.06721140543619791