56 0.5908496856689454 0.6350473403930664 0.0579376220703125 0.0659979502360026
56 0.4666558265686035 0.6351542154947917 0.061060523986816405 0.06540018717447917
56 0.3445433616638184 0.6362537384033203 0.057810497283935544 0.06758473714192709
56 0.7165404319763183 0.6360369364420573 0.05432453155517578 0.06778450012207031
56 0.28109207153320315 0.6358013153076172 0.060018730163574216 0.06916529337565104
56 0.5303607940673828 0.6366489410400391 0.05597972869873047 0.06985015869140625
56 0.6547783851623535 0.6371996561686198 0.056939125061035156 0.0693957010904948
56 0.4061920642852783 0.6525696436564128 0.05803613662719727 0.10076586405436198
56 0.530092716217041 0.6517845789591471 0.05772476196289063 0.10005455017089844
0 0.4680750370025635 0.7848915100097656 0.12342748641967774 0.24633839925130208
56 0.40641140937805176 0.637274424235026 0.055952930450439455 0.06835657755533854