0 0.4638681411743164 0.8309244791666667 0.07352313995361329 0.18922551472981772
56 0.5907207489013672 0.6348533630371094 0.058776473999023436 0.06463101704915365
56 0.46776390075683594 0.6367674509684245 0.058643436431884764 0.06476974487304688
56 0.4063414573669434 0.6348937352498373 0.057225704193115234 0.06303291320800782
56 0.281566858291626 0.6357051213582356 0.058413124084472655 0.06937789916992188
56 0.5304423332214355 0.6356701532999675 0.05541210174560547 0.06780370076497395
56 0.6546944141387939 0.6369744618733724 0.05651426315307617 0.06840260823567708
56 0.7166131973266602 0.636197280883789 0.054245376586914064 0.0679944356282552
56 0.4083592414855957 0.6881460825602214 0.05522356033325195 0.029817962646484376
56 0.2171633720397949 0.6366233825683594 0.06071324348449707 0.06907958984375
56 0.5306158065795898 0.6517430623372396 0.05649280548095703 0.09942525227864583
56 0.5918122291564941 0.6876761118570963 0.05446605682373047 0.031887054443359375
56 0.28247485160827634 0.6879618326822917 0.05325827598571777 0.032207489013671875
56 0.5312416076660156 0.6878120422363281 0.05201005935668945 0.032356007893880205
56 0.34430999755859376 0.6321719487508138 0.058229827880859376 0.06006635030110677
56 0.6548201560974121 0.6883459726969401 0.052695274353027344 0.030276997884114584
56 0.46819558143615725 0.6508978525797526 0.06103334426879883 0.09231236775716146