0 0.48598127365112304 0.839370854695638 0.08430976867675781 0.1406176249186198
56 0.3444099426269531 0.6361778259277344 0.056302642822265624 0.06605962117513021
56 0.4676044940948486 0.6364148457845052 0.05651168823242188 0.06496556599934895
56 0.5925252914428711 0.6360186894734701 0.0541290283203125 0.06381212870279948
56 0.5320755004882812 0.6348092397054036 0.05414876937866211 0.06591389973958334
56 0.4071507930755615 0.6360116322835286 0.05619726181030273 0.06684150695800781
56 0.28264310359954836 0.6364471435546875 0.05670065879821777 0.06693267822265625
56 0.655482006072998 0.6367343902587891 0.054388427734375 0.06665395100911459
56 0.34577226638793945 0.6883403142293294 0.054015159606933594 0.029732640584309897
56 0.716737937927246 0.6355396270751953 0.053800201416015624 0.06438446044921875
56 0.4697266578674316 0.6878214518229167 0.054556655883789065 0.031019973754882812
56 0.28308811187744143 0.6879954020182292 0.05418376922607422 0.032369232177734374
56 0.5309383392333984 0.6878816604614257 0.05467071533203125 0.03105621337890625
56 0.40707796812057495 0.6876266479492188 0.05274145603179932 0.030981699625651043
56 0.4681587219238281 0.43543116251627606 0.058741188049316405 0.06471392313639322