0 0.53408842086792 0.8393248240152995 0.07661705017089844 0.13753255208333334
56 0.4677743434906006 0.6367933909098308 0.05704851150512695 0.06767578125
56 0.5315189838409424 0.6359479904174805 0.055539703369140624 0.06817029317220052
56 0.5922308921813965 0.6353001912434896 0.05472621917724609 0.06242726643880208
56 0.40714206695556643 0.6356741587320963 0.05658912658691406 0.06621170043945312
56 0.7169355392456055 0.6364646275838216 0.053901290893554686 0.06734657287597656
56 0.34413671493530273 0.6361231486002604 0.05679287910461426 0.06701075236002604
56 0.6556477069854736 0.6367554982503255 0.05376510620117188 0.06590525309244792
56 0.531320858001709 0.6873061498006184 0.054599571228027347 0.030383555094401042
56 0.4696688652038574 0.6872381846110026 0.05559825897216797 0.031084060668945312
56 0.6544461250305176 0.687848154703776 0.05475673675537109 0.033700815836588544
56 0.34595518112182616 0.6881482442220052 0.054727935791015626 0.03046875
56 0.28275384902954104 0.6367069244384765 0.056482791900634766 0.06818898518880208