0 0.41666622161865235 0.8255111694335937 0.07072105407714843 0.20899683634440105
56 0.46728124618530276 0.6368497212727865 0.056871795654296876 0.06501973470052083
56 0.5318912506103516 0.6353062947591146 0.055070686340332034 0.06709391276041667
56 0.2828028678894043 0.6371256510416666 0.05640411376953125 0.06800893147786459
56 0.5924185752868653 0.6364738464355468 0.05443706512451172 0.06437759399414063
56 0.40700702667236327 0.6355811436971028 0.05580596923828125 0.060526529947916664
56 0.28300292491912843 0.6878241221110026 0.05384917259216308 0.032332356770833334
56 0.3455096960067749 0.6881515502929687 0.05336885452270508 0.0292877197265625
56 0.6554792404174805 0.6373602549235026 0.05454950332641602 0.06789576212565104
56 0.34434165954589846 0.6368975321451823 0.05615091323852539 0.06589101155598959
56 0.21757748126983642 0.6370082219441732 0.05966453552246094 0.06774520874023438
56 0.4069990277290344 0.6879303614298503 0.05207822322845459 0.030483118693033853
56 0.7167594909667969 0.6356107076009114 0.05383453369140625 0.06441726684570312
56 0.5308094024658203 0.6876452128092448 0.05525989532470703 0.031038665771484376
56 0.4681698799133301 0.4351473490397135 0.05797519683837891 0.06532694498697916
56 0.46974959373474123 0.6878013610839844 0.05448617935180664 0.031160481770833335
56 0.5307467460632325 0.435005791982015 0.056040191650390626 0.06916065216064453
56 0.5929155349731445 0.6881612141927084 0.05450286865234375 0.03178558349609375
56 0.6549253940582276 0.6882901509602865 0.054257869720458984 0.03203150431315104