0 0.4166404604911804 0.8372447967529297 0.07173082828521729 0.1824462890625
56 0.4680318355560303 0.6376530329386393 0.05546445846557617 0.0697186787923177
56 0.5309099197387696 0.6361528396606445 0.05528240203857422 0.06991119384765625
56 0.3420281410217285 0.6372172673543294 0.06009407043457031 0.07141087849934896
56 0.28115005493164064 0.6383154551188152 0.05976500511169434 0.07094434102376303
56 0.5918274402618409 0.6356969833374023 0.05589485168457031 0.06397234598795573
56 0.40735688209533694 0.6371986389160156 0.05487604141235351 0.06915308634440104
56 0.6547168731689453 0.6365376154581706 0.055646228790283206 0.06853281656901042
56 0.3452725887298584 0.6878428141276042 0.05444936752319336 0.029203033447265624
56 0.2826329231262207 0.6881858189900716 0.05355758666992187 0.0320196787516276
56 0.21757917404174804 0.636923090616862 0.06084332466125488 0.06786295572916666
56 0.5314444541931153 0.6878676732381185 0.056337738037109376 0.02996648152669271
56 0.5306582450866699 0.4346661885579427 0.056250572204589844 0.06626536051432291
56 0.7161560535430909 0.6352906545003255 0.05571880340576172 0.06708323160807292
56 0.4677999496459961 0.43609085083007815 0.057442665100097656 0.06548531850179036