0 0.5254240989685058 0.8307209650675456 0.07312726974487305 0.1872119903564453
56 0.4675882816314697 0.6365459442138672 0.05639495849609375 0.06602401733398437
56 0.3444026470184326 0.6363643010457357 0.05626387596130371 0.06655082702636719
56 0.59251389503479 0.6359554290771484 0.053836917877197264 0.06383183797200521
56 0.40702047348022463 0.6362009684244792 0.056360054016113284 0.06740252176920573
56 0.655487060546875 0.6367593765258789 0.05416727066040039 0.06679522196451823
56 0.5318446159362793 0.6354443868001302 0.05508613586425781 0.06617457071940104
56 0.7165847301483155 0.6368927637736003 0.054531002044677736 0.06639531453450521
56 0.28256735801696775 0.635730234781901 0.056368541717529294 0.0652716318766276
56 0.654888916015625 0.6883056640625 0.05389614105224609 0.03158289591471354
56 0.3457272291183472 0.688348134358724 0.05390915870666504 0.029868062337239584
56 0.5306379318237304 0.6875157038370768 0.054058074951171875 0.031174087524414064
56 0.46961326599121095 0.6876288096110026 0.05430326461791992 0.030579630533854166
56 0.5307373046875 0.43433361053466796 0.054780197143554685 0.06750233968098958
56 0.5926991462707519 0.6880006154378255 0.05392780303955078 0.03171132405598958
56 0.4071283459663391 0.6876363754272461 0.0528756856918335 0.031072107950846355
56 0.2830923318862915 0.6880212783813476 0.05408005714416504 0.03230158487955729