0 0.47119722366333006 0.841533088684082 0.057019710540771484 0.14777539571126302
56 0.46825132369995115 0.636220105489095 0.05526657104492187 0.06440137227376302
56 0.34396538734436033 0.6339308420817057 0.05449695587158203 0.06341222127278646
0 0.4833035469055176 0.8390274047851562 0.0828714370727539 0.14944839477539062
56 0.3455420970916748 0.6871713002522787 0.054317283630371097 0.032944742838541666
56 0.40604472160339355 0.6364331563313802 0.05492525100708008 0.064892578125
56 0.40623059272766116 0.6876494089762369 0.05529775619506836 0.03201700846354167
56 0.4693937301635742 0.6875374476114909 0.05388336181640625 0.03315874735514323
56 0.2825876235961914 0.6357366561889648 0.056396770477294925 0.06616465250651042
56 0.5916251182556153 0.6354569753011068 0.055924415588378906 0.06354904174804688
56 0.2816267967224121 0.6882823944091797 0.05444326400756836 0.031678263346354166