0 0.6218212127685547 0.8363925298055013 0.08049325942993164 0.1401031494140625
56 0.5905678749084473 0.6348196665445963 0.05849933624267578 0.06277453104654948
56 0.7166080474853516 0.6354616800944011 0.055080413818359375 0.06638997395833333
56 0.46719989776611326 0.636955451965332 0.05584030151367188 0.06779098510742188
56 0.6545618057250977 0.6349932352701823 0.05596904754638672 0.06352348327636718
56 0.5312178611755372 0.6359774271647135 0.055516719818115234 0.06946690877278645
56 0.34254932403564453 0.6348396301269531 0.05769858360290527 0.06506373087565104
56 0.4062933087348938 0.6361779530843099 0.05880506038665771 0.06653289794921875
56 0.5924123764038086 0.6876121520996094 0.053068923950195315 0.032588958740234375
56 0.6552574157714843 0.6883042653401693 0.05281810760498047 0.031528472900390625
56 0.46728010177612306 0.435453192392985 0.058080863952636716 0.0645922342936198