0 0.5959150791168213 0.8401607513427735 0.07636117935180664 0.14735183715820313
56 0.5910637855529786 0.6353225708007812 0.05733928680419922 0.06380132039388021
56 0.4680486679077148 0.6361842473347982 0.05602350234985352 0.06709810892740885
56 0.5302132606506348 0.6353358586629232 0.055927085876464847 0.06848398844401042
56 0.7167038917541504 0.636676534016927 0.054144668579101565 0.06776377360026041
56 0.40708006620407106 0.6367968241373698 0.057796692848205565 0.06809209187825521
56 0.6552438735961914 0.6375155766805013 0.055736351013183597 0.06760419209798177
56 0.34430656433105467 0.6349288940429687 0.05611848831176758 0.06546503702799479
56 0.6551653861999511 0.6882497151692708 0.052066802978515625 0.030376180013020834
56 0.5923444747924804 0.6875044504801432 0.05453433990478516 0.031695556640625
56 0.5302482604980469 0.4358569463094076 0.05760517120361328 0.06735204060872396
56 0.5312695503234863 0.6876488367716471 0.053177833557128906 0.03157488505045573
56 0.2810547351837158 0.6357423782348632 0.05843372344970703 0.06822560628255209
56 0.46924357414245604 0.6878879547119141 0.054332828521728514 0.03131815592447917