0 0.5638580322265625 0.8292027791341146 0.07196893692016601 0.1927899678548177
56 0.46772375106811526 0.6370019912719727 0.05693683624267578 0.06779670715332031
56 0.5315094947814941 0.6363198598225911 0.05545825958251953 0.06876322428385416
56 0.6556743621826172 0.6378484090169271 0.053481674194335936 0.06738815307617188
56 0.59254150390625 0.636725107828776 0.05445928573608398 0.06450831095377604
56 0.7169680595397949 0.6360646565755208 0.053638648986816403 0.06628621419270833
56 0.4071224212646484 0.6358816782633464 0.05678062438964844 0.06655629475911458
56 0.34383111000061034 0.6359686533610026 0.05735435485839844 0.06674575805664062
56 0.6547599792480469 0.6883069356282552 0.05493621826171875 0.030812454223632813
56 0.5310132503509521 0.6867941538492839 0.054589366912841795 0.030475107828776042
56 0.4697319984436035 0.6872090657552083 0.05546083450317383 0.031036885579427083
56 0.28222496509552003 0.6359007517496745 0.05710129737854004 0.06686477661132813
56 0.5318272590637207 0.6500105539957682 0.057227706909179686 0.09525121053059896