0 0.4717832565307617 0.8403311411539713 0.06481781005859374 0.1477739969889323
56 0.46802921295166017 0.636134656270345 0.05733795166015625 0.0667633056640625
56 0.4068953037261963 0.6351703643798828 0.05557031631469726 0.06544698079427083
56 0.3436264991760254 0.6347129821777344 0.05655202865600586 0.06517524719238281
56 0.592503547668457 0.6358368555704753 0.05416088104248047 0.06337903340657552
56 0.655859375 0.6369829813639323 0.05310535430908203 0.06653060913085937
56 0.5320062637329102 0.6878912607828777 0.05322132110595703 0.03089141845703125
56 0.7166497230529785 0.6365731557210287 0.054127979278564456 0.0665758768717448
56 0.4693576812744141 0.6872530619303385 0.054197502136230466 0.0316992441813151
56 0.4684165000915527 0.4356388092041016 0.05762500762939453 0.06482035319010417
56 0.34622759819030763 0.6881879806518555 0.053288936614990234 0.029785919189453124
56 0.6548529624938965 0.6884545644124349 0.05459575653076172 0.03065210978190104
56 0.28405673503875734 0.6359817504882812 0.05189480781555176 0.0644060770670573