0 0.43801240921020507 0.8413845062255859 0.0703923225402832 0.14474932352701822
56 0.5925424575805665 0.636297098795573 0.054098892211914065 0.06419830322265625
56 0.3442483901977539 0.6363148371378581 0.05692930221557617 0.06950391133626302
56 0.5321765899658203 0.6353458404541016 0.05453777313232422 0.06774037679036458
56 0.28292093276977537 0.636883290608724 0.056113052368164065 0.06758397420247396
56 0.4689845085144043 0.636562728881836 0.05333213806152344 0.06664034525553385
56 0.6554767608642578 0.6370398203531901 0.05446643829345703 0.06729354858398437
56 0.4694973945617676 0.6878552754720052 0.05387935638427734 0.03129310607910156
56 0.7167756080627441 0.6356126149495442 0.05380821228027344 0.06483052571614584
56 0.4076852321624756 0.6873190561930339 0.05245828628540039 0.0310882568359375
56 0.3458512783050537 0.6882163365681966 0.05426473617553711 0.029816563924153647
56 0.5307716369628906 0.6876801172892253 0.05421772003173828 0.031509017944335936