0 0.41647658348083494 0.8395270029703776 0.07286109924316406 0.1789794921875
56 0.4682032585144043 0.6365099589029948 0.05516672134399414 0.06773681640625
56 0.5306865215301514 0.635659662882487 0.05512418746948242 0.06911417643229166
56 0.5918904304504394 0.6358821868896485 0.05542774200439453 0.06410140991210937
56 0.28097922801971437 0.637880007425944 0.05937561988830566 0.0703570048014323
56 0.3419835329055786 0.6371382395426433 0.06017842292785645 0.07085431416829427
56 0.40726232528686523 0.6348321278889973 0.054192638397216795 0.06442769368489583
56 0.3451826095581055 0.6878899892171224 0.05412006378173828 0.029555002848307293
56 0.6547657012939453 0.6361812591552735 0.05558223724365234 0.06675313313802084
56 0.5302154541015625 0.4346793492635091 0.0563385009765625 0.06594619750976563
56 0.28264081478118896 0.6882333119710287 0.05284748077392578 0.032161585489908856
56 0.7164995670318604 0.6350727081298828 0.05492124557495117 0.06664276123046875
56 0.5314583778381348 0.6879422505696614 0.05634651184082031 0.030323537190755208
56 0.2173736035823822 0.6370021820068359 0.06026822328567505 0.06852951049804687
56 0.4685027599334717 0.4357216517130534 0.05764017105102539 0.06474316914876302