0 0.35648393630981445 0.8399349212646484 0.0634347915649414 0.14865671793619792
56 0.46827092170715334 0.6367820103963217 0.055780982971191405 0.06448567708333333
56 0.3442687034606934 0.6346368789672852 0.05434331893920898 0.06452484130859375
56 0.4063828468322754 0.6376892725626627 0.055110836029052736 0.06619987487792969
56 0.40654745101928713 0.6876655578613281 0.05286884307861328 0.03239860534667969
56 0.5910190582275391 0.6359277089436849 0.05572042465209961 0.06163864135742188
56 0.5922444343566895 0.3663923263549805 0.056547355651855466 0.06002349853515625
56 0.4689905643463135 0.6878283818562826 0.056639575958251955 0.03263587951660156
56 0.46914148330688477 0.4350960413614909 0.0554534912109375 0.05935122172037761
56 0.5311298370361328 0.6349920908610026 0.05413360595703125 0.06286875406901042
56 0.6564273834228516 0.6372946421305339 0.05351448059082031 0.06543324788411459
56 0.5300056457519531 0.6880843480428059 0.055212211608886716 0.03219871520996094
56 0.6549346446990967 0.4352360407511393 0.05437145233154297 0.05987091064453125
56 0.7163928985595703 0.6367804209391276 0.05466442108154297 0.06450246175130209