0 0.5343170166015625 0.8410675684611003 0.06279010772705078 0.14690500895182293
56 0.46825761795043946 0.6367623647054036 0.056241607666015624 0.06882718404134115
56 0.4069392681121826 0.6364874521891276 0.0577092170715332 0.06754595438639323
56 0.34536774158477784 0.6345348358154297 0.05435056686401367 0.06365559895833334
56 0.7163371086120606 0.6363768259684245 0.05398883819580078 0.06763331095377605
56 0.6547792434692383 0.6370686213175456 0.05654964447021484 0.06907488505045573
56 0.3446082592010498 0.6880184173583984 0.0560206413269043 0.031161753336588542
56 0.5309260368347168 0.6877395629882812 0.05262813568115234 0.0313788096110026
56 0.5925950050354004 0.6881489435831706 0.0533599853515625 0.030778121948242188
56 0.280820369720459 0.6373050053914388 0.056412792205810545 0.06567293802897135
56 0.4691194534301758 0.6880481719970704 0.05358400344848633 0.03161977132161458