0 0.40045976638793945 0.8384225209554036 0.0820547103881836 0.13746922810872395
56 0.34410462379455564 0.6344431559244792 0.05467510223388672 0.06324717203776041
56 0.4683987617492676 0.6356132507324219 0.056292152404785155 0.06372222900390626
56 0.40616774559020996 0.6370901107788086 0.05539407730102539 0.06529426574707031
56 0.34498772621154783 0.687231699625651 0.0559661865234375 0.033047993977864586
56 0.40649852752685545 0.6878070831298828 0.05297870635986328 0.032190704345703126
56 0.28260643482208253 0.6373987833658854 0.05670313835144043 0.06757456461588542
56 0.4697211265563965 0.6874319076538086 0.05450572967529297 0.03270250956217448
56 0.5304472923278809 0.6879634221394857 0.05425071716308594 0.03220787048339844
56 0.46916875839233396 0.436143684387207 0.05532970428466797 0.06266810099283854
56 0.5311734676361084 0.6346007029215495 0.05407581329345703 0.0627044677734375
56 0.4070911884307861 0.4386345863342285 0.058390045166015626 0.06509539286295572