0 0.4297931671142578 0.8305455525716146 0.07357263565063477 0.18758621215820312
56 0.46715545654296875 0.6369012196858724 0.055733108520507814 0.06662089029947917
56 0.34275250434875487 0.6347593943277995 0.057843017578125 0.06467768351236979
56 0.5908147811889648 0.6348161061604818 0.057860374450683594 0.0621185302734375
56 0.4061303615570068 0.6359978993733724 0.058443641662597655 0.0658398946126302
56 0.5313398838043213 0.6356077194213867 0.05504875183105469 0.06794293721516927
56 0.6544321060180665 0.635540771484375 0.05630168914794922 0.06270319620768229
56 0.2822873592376709 0.6373011271158854 0.057727718353271486 0.07059529622395834
56 0.3449684143066406 0.6878381093343099 0.05666475296020508 0.030483754475911458
56 0.40667500495910647 0.6877943674723307 0.05440196990966797 0.030322519938151042
56 0.7164302349090577 0.6362796147664388 0.05598306655883789 0.06678848266601563
56 0.46958389282226565 0.6877419153849283 0.05412788391113281 0.030573018391927085
56 0.5301254272460938 0.4342792510986328 0.05615978240966797 0.06648813883463542
56 0.5928145408630371 0.6876006444295247 0.05410900115966797 0.03275782267252604
56 0.2820564031600952 0.6877006530761719 0.05404033660888672 0.033791732788085935
56 0.46793432235717775 0.43460432688395184 0.05847873687744141 0.06493949890136719
56 0.5315408706665039 0.6878743489583333 0.05572700500488281 0.03109919230143229
56 0.6553834915161133 0.6882269541422527 0.053014087677001956 0.032475789388020836