0 0.41635866165161134 0.8308902740478515 0.07339773178100586 0.18888753255208332
56 0.46849517822265624 0.6355890909830729 0.05404872894287109 0.0673858642578125
56 0.3425513744354248 0.6362806955973307 0.059208106994628903 0.06893221537272136
56 0.4069965839385986 0.6366054534912109 0.05610876083374024 0.06867421468098958
56 0.5919215202331543 0.6355983734130859 0.055182456970214844 0.06385142008463542
56 0.5307713508605957 0.6354878743489584 0.05418272018432617 0.06766471862792969
56 0.28106184005737306 0.6371148427327474 0.05910701751708984 0.06822179158528646
56 0.34555659294128416 0.6879884719848632 0.0547943115234375 0.0298126220703125
56 0.40669870376586914 0.6878791173299154 0.05286245346069336 0.031024805704752603
56 0.46972036361694336 0.688165791829427 0.05376596450805664 0.030641937255859376
56 0.28257045745849607 0.6883415222167969 0.05238051414489746 0.03206685384114583
56 0.5316560745239258 0.6875530242919922 0.056115150451660156 0.030353800455729166
56 0.21745604872703553 0.6365438461303711 0.05998603105545044 0.0673791249593099
56 0.6548651695251465 0.6359341939290365 0.05549182891845703 0.06616999308268229
56 0.7166161060333252 0.6345523834228516 0.054331207275390626 0.06526438395182292