0 0.5400033473968506 0.8306930541992188 0.07218961715698242 0.18935394287109375
56 0.5911287307739258 0.6350400288899739 0.05755119323730469 0.0644317626953125
56 0.3442659854888916 0.6345905303955078 0.05618925094604492 0.06545969645182291
56 0.5306325912475586 0.6362283070882161 0.054751014709472655 0.06907246907552084
56 0.46907544136047363 0.6369265238444011 0.05501251220703125 0.06960067749023438
56 0.7165363311767579 0.6365713755289714 0.05384082794189453 0.06762161254882812
56 0.6546693801879883 0.6380699157714844 0.056320571899414064 0.06934458414713542
56 0.40679421424865725 0.6342274983723958 0.058085155487060544 0.062400563557942705
56 0.5300661563873291 0.6526404062906901 0.0561528205871582 0.10036163330078125
56 0.28115034103393555 0.6355453491210937 0.05855474472045898 0.06833279927571614
56 0.34431848526000974 0.6882924397786458 0.05544729232788086 0.030722300211588543
56 0.7169236660003662 0.6886763254801432 0.051298999786376955 0.030772654215494792
56 0.6552781105041504 0.6883914311726888 0.05296630859375 0.03230832417805989