0 0.5954996109008789 0.8422459920247396 0.06859388351440429 0.17294362386067708
56 0.4682175636291504 0.6363433837890625 0.05599403381347656 0.06671625773111979
56 0.7161351680755615 0.636915906270345 0.054523372650146486 0.06618080139160157
56 0.5911218643188476 0.6336607615152995 0.05873260498046875 0.06456425984700521
56 0.5309055805206299 0.6366772969563802 0.055019187927246097 0.06087621053059896
56 0.406895112991333 0.6371646881103515 0.058044052124023436 0.06877619425455729
56 0.34434971809387205 0.6345169703165691 0.056014060974121094 0.06474011739095052
56 0.6561030387878418 0.6388800303141277 0.05396747589111328 0.06356964111328126
56 0.6550236701965332 0.6881952921549479 0.052564048767089845 0.030214945475260418
56 0.7797914981842041 0.6372448603312174 0.0566096305847168 0.06679217020670573
56 0.5313961029052734 0.6876204172770183 0.054967498779296874 0.031183369954427085
56 0.7794430255889893 0.6541223526000977 0.05971574783325195 0.10064786275227865
56 0.717649269104004 0.6879989624023437 0.051793384552001956 0.029544321695963542