0 0.6140937805175781 0.8415609995524088 0.07401962280273437 0.1747571309407552
56 0.5907169342041015 0.6348704020182292 0.058053016662597656 0.06252822875976563
56 0.4671487808227539 0.6367664337158203 0.0557647705078125 0.06813201904296876
56 0.7167207717895507 0.6361196517944336 0.055221939086914064 0.06718673706054687
56 0.5927034378051758 0.6873734156290691 0.053537750244140626 0.03282521565755208
56 0.6549725532531738 0.6882722854614258 0.05359592437744141 0.03215777079264323
56 0.406375789642334 0.6362864176432291 0.05864152908325195 0.06708577473958334
56 0.34247817993164065 0.6347867329915364 0.05764360427856445 0.06506322224934896
56 0.5315242290496827 0.635887336730957 0.05516939163208008 0.06978925069173177
56 0.5312111377716064 0.6877335866292318 0.05605154037475586 0.03115564982096354
56 0.6548094272613525 0.6348976135253906 0.05577163696289063 0.06348978678385417