0 0.3967093229293823 0.8267784118652344 0.07168717384338379 0.20083223978678386
56 0.3427467346191406 0.6343912760416667 0.057488536834716795 0.06407763163248698
56 0.46755352020263674 0.6368951161702474 0.054956912994384766 0.06724395751953124
56 0.5909339904785156 0.6345375061035157 0.05756721496582031 0.062055079142252605
56 0.4064550280570984 0.6352946599324544 0.058046364784240724 0.06603927612304687
56 0.28180148601531985 0.6361737569173177 0.05717945098876953 0.06846059163411458
56 0.5314173698425293 0.6355738321940104 0.055011558532714847 0.0681597391764323
56 0.6545377731323242 0.635440444946289 0.05626335144042969 0.06278648376464843
56 0.4067820429801941 0.6878033320109049 0.056304764747619626 0.030716832478841147
56 0.3450108289718628 0.6878013610839844 0.05716571807861328 0.030388641357421874
56 0.7164326667785644 0.6362509409586589 0.0558929443359375 0.06661046346028646
56 0.4692826271057129 0.6879905700683594 0.054798316955566403 0.030785369873046874
56 0.28200106620788573 0.6875578562418619 0.05402498245239258 0.033716074625651044
56 0.5927394390106201 0.6876626332600911 0.05422019958496094 0.032724253336588544