0 0.5689820289611817 0.8224805196126302 0.07079868316650391 0.21099217732747397
56 0.4684105396270752 0.6374136606852213 0.05583763122558594 0.06949869791666667
56 0.5914716720581055 0.6351231892903646 0.05766458511352539 0.06631418863932291
56 0.5308892250061035 0.6368188858032227 0.05547275543212891 0.06974512736002604
56 0.7165785789489746 0.6368058522542318 0.05386333465576172 0.06734034220377604
56 0.6550115585327149 0.6385065714518229 0.05547599792480469 0.0687884012858073
56 0.34433460235595703 0.6345080057779948 0.056281089782714844 0.06526209513346354
56 0.40668487548828125 0.637449582417806 0.05893840789794922 0.06898396809895833
56 0.6553413391113281 0.6882219950358073 0.052397727966308594 0.031504058837890626
56 0.530826473236084 0.6878410339355469 0.05365943908691406 0.0304412841796875
56 0.7166950702667236 0.6885073343912761 0.051648712158203124 0.030406443277994792
56 0.779528284072876 0.6371592839558919 0.05728998184204102 0.06669680277506511
56 0.5925371170043945 0.6886959075927734 0.055623435974121095 0.03198788960774739
56 0.46952404975891116 0.6877485275268554 0.05387859344482422 0.031978480021158856
56 0.2808366298675537 0.6354877471923828 0.059317398071289065 0.06858291625976562