0 0.5254220962524414 0.8292583465576172 0.07321910858154297 0.1968311309814453
56 0.4673339366912842 0.6363364537556966 0.05672664642333984 0.06593666076660157
56 0.3443854093551636 0.6364527384440104 0.05624499320983887 0.06662737528483073
56 0.5919445991516114 0.6358720143636067 0.05484561920166016 0.06319605509440104
56 0.5316002845764161 0.6360020319620768 0.05535755157470703 0.06732762654622396
56 0.4070207715034485 0.6362757364908854 0.05632283687591553 0.0674456278483073
56 0.6550745010375977 0.636960220336914 0.0552154541015625 0.06610171000162761
56 0.7166361808776855 0.6369041442871094 0.054436874389648435 0.0662841796875
56 0.2825456619262695 0.635879389444987 0.056400108337402347 0.06566848754882812
56 0.6548758506774902 0.6883134206136068 0.0539520263671875 0.03182017008463542
56 0.3457193374633789 0.6883670171101888 0.05382585525512695 0.029869842529296874
56 0.4694033622741699 0.6876202901204427 0.05468292236328125 0.030863189697265626
56 0.5302864074707031 0.4357539176940918 0.05606346130371094 0.07091821034749349
56 0.40723867416381837 0.6876983006795248 0.0530181884765625 0.03099517822265625
56 0.5928505897521973 0.688121223449707 0.053926849365234376 0.03191363016764323
56 0.5309288978576661 0.6875343322753906 0.05391407012939453 0.030653889973958334
56 0.2830860137939453 0.6880102793375651 0.0539154052734375 0.03232879638671875