0 0.5363541603088379 0.8403181711832682 0.07988243103027344 0.13791707356770833
56 0.468018913269043 0.6360342661539714 0.05683460235595703 0.06738866170247396
56 0.5908407211303711 0.6343766530354817 0.05856475830078125 0.0637292226155599
56 0.7163856983184814 0.6363363901774088 0.05381307601928711 0.06732432047526042
56 0.3444510936737061 0.6349202473958333 0.056265735626220705 0.0651257832845052
56 0.40727839469909666 0.6365255991617839 0.0570673942565918 0.06706899007161458
56 0.5305568695068359 0.6356580098470052 0.05529232025146484 0.06877581278483073
56 0.6550423622131347 0.6365169525146485 0.05615501403808594 0.06743876139322917
56 0.46694297790527345 0.43560708363850914 0.05961799621582031 0.06507542928059896
56 0.5303297996520996 0.43571313222249347 0.05624828338623047 0.06731859842936198
56 0.469252872467041 0.6877635955810547 0.054513740539550784 0.031751251220703124
56 0.34448728561401365 0.6879082997639974 0.056983661651611325 0.03131103515625