0 0.44046459197998045 0.8391955057779948 0.06218528747558594 0.14808120727539062
56 0.34427881240844727 0.6365825653076171 0.05644512176513672 0.06727142333984375
56 0.46732606887817385 0.6367331822713216 0.05652885437011719 0.06621551513671875
56 0.5923422336578369 0.6363885243733723 0.05444812774658203 0.0645971934000651
56 0.40715961456298827 0.6363826751708984 0.05629377365112305 0.0680456797281901
56 0.2826793670654297 0.636661148071289 0.056787109375 0.06764017740885417
56 0.5319767951965332 0.6354981740315755 0.05518283843994141 0.06806793212890624
56 0.34576802253723143 0.6883509318033855 0.05383586883544922 0.02985521952311198
56 0.6554294109344483 0.6371729532877605 0.05486783981323242 0.06798197428385416
56 0.28301281929016114 0.6879033406575521 0.05390148162841797 0.03225428263346354
56 0.46967029571533203 0.6878247578938802 0.05448474884033203 0.031319681803385416
56 0.7167325973510742 0.6355254491170247 0.053939437866210936 0.06459528605143229
56 0.5308646202087403 0.6876728693644206 0.05507793426513672 0.03132197062174479