0 0.464417552947998 0.8050224304199218 0.07528934478759766 0.2406494140625
56 0.5906291484832764 0.6351741790771485 0.05912866592407227 0.06503524780273437
56 0.34465148448944094 0.6357708613077799 0.0569361686706543 0.06657867431640625
56 0.4069488525390625 0.6371311187744141 0.056449508666992186 0.06722157796223958
56 0.5303430557250977 0.6354068756103516 0.055516624450683595 0.06719716389973958
56 0.46767539978027345 0.6347086588541667 0.056801128387451175 0.061357879638671876
56 0.6547406196594239 0.6373700459798177 0.05668983459472656 0.06899032592773438
56 0.7166261672973633 0.636255391438802 0.05417327880859375 0.06803843180338541
56 0.281914496421814 0.6365959167480468 0.05890464782714844 0.07174173990885417
56 0.40691242218017576 0.6875539143880208 0.05381574630737305 0.030200958251953125
56 0.346161937713623 0.6876455942789713 0.05750131607055664 0.031041717529296874
56 0.5304520606994629 0.6878821055094401 0.05416584014892578 0.0335241953531901
56 0.591700553894043 0.6876136144002278 0.054622554779052736 0.03176867167154948
56 0.6548055171966553 0.6883052825927735 0.0527496337890625 0.030161539713541668
56 0.4670989990234375 0.6528113047281902 0.061232376098632815 0.09838104248046875
56 0.3437312602996826 0.4357138633728027 0.05839385986328125 0.05984973907470703
56 0.4677244186401367 0.43582954406738283 0.05734691619873047 0.06447455088297525