0 0.4595128059387207 0.8385602951049804 0.0870823860168457 0.13920605977376302
56 0.46817970275878906 0.6355321884155274 0.055761528015136716 0.06660003662109375
56 0.344344162940979 0.6343435923258464 0.056008005142211915 0.06441624959309895
56 0.4073354721069336 0.6350481669108073 0.05627002716064453 0.0645428975423177
56 0.5908127307891846 0.6347202301025391 0.05798768997192383 0.06401290893554687
56 0.5307150840759277 0.6350452423095703 0.05503349304199219 0.06713460286458334
56 0.7162953853607178 0.6358539581298828 0.05341644287109375 0.06610221862792968
56 0.344814658164978 0.687948481241862 0.05576930046081543 0.031126658121744793
56 0.28099737167358396 0.6344523111979167 0.05816097259521484 0.06647237141927083
56 0.4691640853881836 0.6882584889729818 0.05391530990600586 0.03155314127604167
56 0.5306026935577393 0.43550202051798503 0.05590496063232422 0.06666177113850912