0 0.4298057556152344 0.829931894938151 0.07213945388793945 0.18765487670898437
56 0.3440906286239624 0.6345436096191406 0.05448646545410156 0.06272443135579427
56 0.46766343116760256 0.6360814412434895 0.05668764114379883 0.06417617797851563
56 0.34534635543823244 0.6871407826741537 0.05421590805053711 0.03213551839192708
56 0.591330623626709 0.6348721822102864 0.056213760375976564 0.06097577412923177
56 0.28140034675598147 0.6882486979166667 0.054488754272460936 0.03269526163736979
56 0.40637574195861814 0.6879117329915364 0.05307168960571289 0.03144429524739583
56 0.469400691986084 0.6873798370361328 0.05446462631225586 0.03269119262695312
56 0.5300873756408692 0.6360403060913086 0.05560855865478516 0.06587117513020833
56 0.2821053981781006 0.6358858744303385 0.05741462707519531 0.06664988199869791
56 0.6548863410949707 0.6374748229980469 0.05652914047241211 0.06952158610026042
56 0.4057051658630371 0.6367212931315104 0.05640268325805664 0.06455230712890625