0 0.5233806133270263 0.8391542434692383 0.08211288452148438 0.13598963419596355
56 0.467801570892334 0.6362925847371419 0.05627231597900391 0.06624285380045573
56 0.34431169033050535 0.6357032775878906 0.05623173713684082 0.06593093872070313
56 0.5927632331848145 0.6364989598592122 0.053345680236816406 0.06371981302897135
56 0.4068817138671875 0.6354796091715494 0.057211780548095705 0.06589533487955729
56 0.6557271957397461 0.6374380111694335 0.053989410400390625 0.06767171223958333
56 0.7168459892272949 0.6361383438110352 0.05350170135498047 0.06594912211100261
56 0.5321117401123047 0.6354309717814127 0.05437116622924805 0.06781895955403645
56 0.2821486473083496 0.6361558278401692 0.057191658020019534 0.06705220540364583
56 0.4699836730957031 0.6874600728352864 0.055427169799804686 0.0307708740234375
56 0.6545597076416015 0.6881638844807942 0.0545684814453125 0.03205998738606771
56 0.3458866119384766 0.6881966908772786 0.05431280136108398 0.030029805501302083
56 0.531034278869629 0.6875307718912761 0.05376873016357422 0.03095728556315104
56 0.5927142143249512 0.6881701151529948 0.053487205505371095 0.032056299845377605