0 0.5364891529083252 0.8309585571289062 0.07392072677612305 0.18743794759114582
56 0.46803855895996094 0.636147944132487 0.0565150260925293 0.0673962910970052
56 0.34461374282836915 0.6347825368245442 0.056133174896240236 0.0647528330485026
56 0.5908050537109375 0.6350640614827474 0.058510208129882814 0.0650347391764323
56 0.40715464353561404 0.6358184178670248 0.05683596134185791 0.06614468892415365
56 0.6554399490356445 0.6372378667195638 0.056451034545898435 0.06899579366048177
56 0.5304846286773681 0.6337366739908854 0.05458383560180664 0.0647265116373698
56 0.28101837635040283 0.6354180018107096 0.05858464241027832 0.06763585408528645
56 0.5303778648376465 0.6521048227945964 0.05733489990234375 0.10123583475748697
56 0.34461660385131837 0.6879425684611002 0.05662384033203125 0.031187057495117188
56 0.7166786670684815 0.6345342636108399 0.0549530029296875 0.06901512145996094
56 0.7174399852752685 0.6878218332926432 0.05249366760253906 0.029767354329427082
56 0.5913965225219726 0.6877736409505208 0.054907798767089844 0.03198318481445313
56 0.46931800842285154 0.6877211888631185 0.0543670654296875 0.03152147928873698
56 0.6546545505523682 0.6883507410685221 0.05264959335327148 0.03047459920247396
56 0.5303058624267578 0.4357133865356445 0.056189537048339844 0.06757462819417318